339,3
339,2
339,1
339,0
338,6
338,5
338,4
338,3
338,2
338,1
338,0
337,3
337,2
337,1
337,0
336,4
336,3
336,2
336,1
336,0
335,3
335,2
335,1
335,0
333,52
333,51
333,50
333,49
333,48
333,47
333,46
333,45
333,44
333,43
333,42
333,41
67,89
0,567
67,88
67,87
67,86
0,559
67,85
0,548
0,530
0,519
0,518
0,517
0,443
0,442
0,435
0,427
0,413
0,408
0,407
0,402
0,397
0,396
0,393
0,387
0,385
0,384
0,319
0,315
0,312
0,310
0,308
0,306
0,304
0,293
0,277
0,510
0,509
0,508
0,507
0,503
0,502
0,498
0,497
0,490
0,486
0,485
333,40
333,39
333,38
333,37
333,36
0,483
67,84
67,83
67,3
14,13
98,2
0,481
0,475
98,4
0,505
0,447
333,35
98,1
98,3
14,12
0,273
0,270
0,482
3,2
3,1
3,3
10,17
10,212
10,107
10,82
10,122
10,259
10,139
10,1
10,91
10,2
11,14
11,19
11,15
11,27
11,20
96,1
9,5
96,0
95,4
95,3
95,2
95,1
95,0
94,16
94,8
8,4
94,7
8,12
94,6
8,17
94,5
8,15
94,4
8,2
94,3
8,3
94,2
94,1
0,400
94,0
93,3
93,2
93,1
93,0
92,3
92,2
92,1
92,0
91,4
91,3
91,2
91,1
91,0
90,4
90,3
90,2
90,1
90,0
89,4
89,3
89,2
89,1
89,0
88,4
88,3
88,2
88,1
88,0
87,6
87,5
87,4
87,3
87,2
87,1
87,0
86,4
86,3
86,2
86,1
86,0
85,4
85,3
85,2
85,1
85,0
84,3
84,2
84,1
84,0
83,6
83,5
83,4
83,3
83,2
