3,2
3,1
3,3
10,4
10,251
10,203
10,127
10,294
10,74
10,178
10,213
10,2
10,3
11,14
11,10
11,12
11,17
9,5
9,1
9,7
9,2
9,3
8,4
8,5
8,14
8,7
8,2
8,3
52,8
52,7
52,6
52,5
52,4
52,3
52,2
52,1
52,0
51,5
51,4
51,3
51,2
51,1
51,0
50,6
50,5
50,4
50,3
50,2
50,1
50,0
49,4
49,3
49,2
49,1
49,0
48,12
48,11
48,10
48,9
48,8
48,7
48,6
48,5
48,4
48,3
48,2
48,1
48,0
47,6
47,5
47,4
47,3
47,2
47,1
47,0
46,6
46,5
46,4
46,3
46,2
46,1
34,12
34,11
34,10
34,9
34,8
34,7
34,6
34,5
34,4
34,3
34,1
20,3
20,2
20,1
19,3
19,2
19,1
18,1
12,3
18,3
12,2
12,1
11,30
11,29
11,28
14,1
11,27
14,3
11,26
11,25
13,1
11,24
13,3
11,23
