151,4
151,3
151,2
151,1
151,0
67,13
0,508
0,506
0,505
67,12
67,11
67,10
0,504
0,503
0,502
0,501
0,498
0,496
0,494
0,493
0,492
0,491
0,490
0,486
0,485
0,483
0,481
0,479
150,40
150,39
150,38
150,37
150,36
150,35
9,7
9,6
9,1
9,4
9,2
96,1
9,3
96,0
95,4
95,3
95,2
95,1
95,0
94,16
8,6
94,8
8,18
94,7
8,16
94,6
8,14
94,5
8,13
94,4
8,4
94,3
8,2
94,2
8,3
94,1
0,400
94,0
93,3
93,2
93,1
93,0
92,3
92,2
92,1
92,0
91,4
91,3
91,2
91,1
91,0
90,4
90,3
90,2
90,1
90,0
89,4
89,3
89,2
89,1
89,0
88,4
88,3
88,2
88,1
88,0
87,6
87,5
87,4
87,3
87,2
87,1
87,0
86,4
86,3
86,2
86,1
86,0
85,4
85,3
85,2
85,1
85,0
84,3
84,2
84,1
84,0
83,6
83,5
83,4
83,3
83,2
83,1
83,0
82,3
82,2
82,1
82,0
81,5
81,4
81,3
81,2
81,1
81,0
80,3
80,2
80,1
80,0
79,3
79,2
79,1
79,0
78,3
78,2
78,1
20,3
20,2
20,1
19,3
19,2
19,1
14,9
12,3
12,2
12,1
11,29
11,27
11,26
11,25
11,24
18,1
11,23
18,3
11,22
11,21
11,20
11,12
11,11
11,10
14,6
11,9
11,8
14,1
11,7
14,10
11,6
14,3
11,4
11,3
13,1
11,2
13,3
11,1
10,267
10,265
10,215
10,193
10,189
10,179
10,166
