0,507
0,501
0,500
0,499
0,496
0,494
0,493
0,492
0,491
23,3
14,4
124,35
0,490
0,475
66,4
66,1
66,3
14,9
10,299
10,116
10,258
10,216
10,16
10,8
10,154
10,10
11,13
11,10
11,29
11,26
11,9
11,30
11,2
11,3
9,7
9,1
9,5
9,2
9,3
8,17
8,16
8,18
8,9
8,4
12,2
12,1
12,3
117,3
117,2
117,1
117,0
116,3
116,2
116,1
116,0
115,4
115,3
115,2
115,1
115,0
114,5
114,4
114,3
114,2
114,1
114,0
113,5
113,4
113,3
113,2
113,1
113,0
111,6
111,5
111,4
111,3
111,2
111,1
111,0
108,3
108,2
108,1
108,0
107,17
107,16
107,15
107,14
107,13
107,12
107,11
107,10
107,9
107,8
107,7
107,6
107,5
107,4
107,3
107,2
107,1
107,0
101,3
101,2
101,1
101,0
100,5
100,4
100,3
100,2
100,1
100,0
99,5
99,4
99,3
99,2
99,1
99,0
98,4
98,3
98,2
98,1
98,0
94,3
94,1
67,22
67,21
67,20
67,19
67,18
67,17
67,16
67,15
67,14
67,13
67,1
67,12
18,1
20,3
18,3
20,2
20,1
19,3
19,2
19,1
14,6
14,8
14,1
11,24
14,10
11,22
11,18
14,3
11,16
11,12
13,1
11,1
13,3
11,6
10,295
10,286
10,249
10,231
10,171
